A list of the perplexity values you obtain in each round until convergence 
0 80016.4461971
1 86878.8283237
2 72750.6535709
3 75802.4624946
4 69522.2278012
5 71878.9857686
6 68405.4005503
7 70043.8197
8 68012.8323082
9 69128.1751741
10 67836.2662714
11 68645.6720422
12 67766.248176
13 68343.9026928
14 67757.425544
15 68155.6541147
16 67756.7438073
17 68041.7936186
18 67762.487241
19 67965.8725142
20 67772.7245829
21 67915.3940561
22 67781.2706893
23 67882.7606101
24 67788.1918935
25 67860.6501845
26 67794.234644
27 67845.5183729
28 67798.9081981
29 67835.3770304
30 67802.3964594
31 67828.4408184
32 67805.1077051
33 67823.623685
34 67807.1371423
35 67820.3260262
36 67808.6229077
37 67818.0407065
38 67809.7310457
39 67816.4458147
40 67810.5451335
41 67815.3359276
42 67811.138576
43 67814.5608335
44 67811.5718223
45 67814.0159594
46 67811.8876461
47 67813.6340023
48 67812.1167507
49 67813.365265
50 67812.2832271
51 67813.1759163
52 67812.4036784
53 67813.0423099
54 67812.4909356
55 67812.9478041
56 67812.5540033
57 67812.8809666
58 67812.5995117
